output of the main:

(5,4) matrix:
    0     0     0     0
    0     0     0     0
    0     0     0     0
    0     0     0     0
    0     0     0     0

(5,4) matrix:
    1     1     1     1
    1     1     1     1
    1     1     1     1
    1     1     1     1
    1     1     1     1

(5,4) matrix:
    2     2     2     2
    2     2     2     2
    2     2     2     2
    2     2     2     2
    2     2     2     2

(5,4) matrix:
    5     2     2     2
    2     2     2     2
    2     2     2     2
    2     2     2     2
    2     2     2     2

(5,4) matrix:
    5     2     2     2
    1     1     1     1
    2     2     2     2
    2     2     2     2
    2     2     2     2

(5,4) matrix:
    3     3     3     3
    3     3     3     3
    3     3     3     3
    3     3     3     3
    3     3     3     3

(5,4) matrix:
    5     5     5     5
    5     5     5     5
    5     5     5     5
    5     5     5     5
    5     5     5     5

(5,4) matrix:
   -7    -7    -7    -7
   -7    -7    -7    -7
   -7    -7    -7    -7
   -7    -7    -7    -7
   -7    -7    -7    -7

(5,4) matrix:
   -1    -2    -3    -4
   -1    -2    -3    -4
   -1    -2    -3    -4
   -1    -2    -3    -4
   -1    -2    -3    -4


Process finished with exit code 0
